1.79769e+308 3.32743 3.42662 4.34126 6.56789 4.15204 6.08386 8.81039 2.34413 9.76104 8.97885 5.35447 3.84259 1.42338 6.86392 9.03684 2.90994 7.49199 8.00745 0.0784326 8.80947 5.39598 9.46196 4.29914 8.14966 8.10755 8.91659 3.81146 4.05011 2.89346 9.69359 8.28272 3.60912 5.16343 0.451674 2.07282 7.734 5.22904 6.15955 7.56859 2.3954 0.785852 1.89825 0.0161748 5.37461 2.93069 6.06464 4.17493 7.55699 8.52443 4.52406 8.09565 2.83975 6.71804 2.28889 4.344 5.71795 2.45003 4.27595 3.97656 0.606098 4.72884 1.70812 3.58196 1.96112 2.51137 5.72558 0.702841 9.2703 5.99597 4.76363 7.94855 5.96057 6.13269 7.26402 1.10965 6.3036 0.17304 6.28193 1.59429 9.36338 6.06586 7.54723 8.4872 4.06262 3.51238 7.54723 0.55269 4.42366 4.49446 3.19102 3.49406 9.04569 1.08982 9.61913 2.77566 3.88531 3.38206 7.71722 7.32444 
3.32743 1.79769e+308 2.39967 5.28306 7.9046 4.42518 2.11432 1.07608 1.7481 1.11759 1.68035 0.496841 7.97784 2.41127 7.48222 5.15854 4.45265 1.62664 3.85784 4.14045 2.65084 3.18155 5.9975 1.54729 6.24042 3.12876 9.5761 3.85388 0.293283 7.76025 6.19037 9.84802 2.70821 5.5913 8.65871 0.983612 4.40291 3.03598 5.2443 4.9556 9.83581 9.08567 6.86941 0.310984 4.42579 9.30357 6.37867 4.90646 0.42787 4.45021 3.91736 6.02741 7.82739 4.0495 7.48314 4.97848 1.81494 0.20661 2.71706 3.96069 3.41136 1.99499 0.997955 8.04437 4.79354 5.7213 9.89502 0.052797 5.89221 1.38127 5.04959 1.17161 3.82336 0.620746 7.54631 5.08621 1.71239 6.51173 5.83087 8.4756 8.47438 0.456557 6.24561 5.65905 6.11591 6.53798 1.236 0.219733 6.11866 8.61721 9.30204 1.4127 1.46611 0.502029 5.74236 8.16889 5.87909 4.49416 8.26899 8.50948 
3.42662 2.39967 1.79769e+308 6.81814 8.62392 6.54256 7.18741 3.82183 7.89453 9.70031 9.35698 8.73684 9.83917 0.928983 3.09519 9.40428 9.70672 3.15867 8.58547 3.36863 5.59069 4.92538 6.76656 3.16752 8.81222 0.475173 5.27543 9.76287 9.86663 3.16996 4.48164 5.68438 5.25193 6.25416 1.43345 4.43892 5.48845 0.0482192 4.52895 7.75323 9.63927 9.63225 6.71834 7.21 6.65181 2.07587 0.0567644 1.84301 8.82382 7.28721 9.41801 8.25068 7.71416 1.53172 8.1753 4.78988 7.80572 7.69463 3.67565 6.41865 8.2345 1.33976 5.30564 1.74108 7.90002 6.63594 2.96823 8.82595 4.26252 1.20334 8.78475 1.35197 1.15024 3.95611 9.83001 1.65593 5.87756 4.98703 4.7148 2.22907 0.993988 1.57201 1.83081 2.23792 0.976592 9.34874 2.06549 0.62685 9.17417 2.72988 3.80383 2.36396 5.31602 3.62377 3.02622 9.39421 8.905 2.51259 6.31916 2.86142 
4.34126 5.28306 6.81814 1.79769e+308 8.79696 0.958281 9.6057 8.16614 4.28602 9.59838 0.412305 9.4116 8.00745 0.689718 6.48518 4.81277 5.96606 9.26847 8.56166 9.62096 5.01053 1.98157 0.119938 8.13288 3.05673 7.66381 1.91198 1.3419 2.38258 8.70602 4.09101 1.79907 1.29673 7.29484 3.75408 2.24189 4.50331 5.57482 0.704672 9.55504 7.46666 3.79742 9.24986 0.625019 5.09445 5.52507 8.84701 1.65685 0.0509659 3.94238 1.40873 7.50145 1.00864 8.34986 8.08313 2.57271 6.15558 4.8912 3.31523 9.90722 2.26875 0.582293 9.01028 9.92645 4.66811 4.70565 6.60421 5.47594 8.35749 6.6274 9.85839 4.691 5.67461 4.10504 6.18824 8.25861 0.754418 1.14505 9.34172 2.6371 6.12232 9.47386 1.23447 5.79363 1.72796 2.6838 5.76159 7.02628 1.73437 7.11966 2.39082 7.42729 9.37223 8.56258 2.35664 2.55684 5.17319 8.78079 5.262 3.88348 
6.56789 7.9046 8.62392 8.79696 1.79769e+308 8.89676 1.00345 8.90439 0.559099 0.455641 8.38466 0.136113 8.08588 0.16541 4.51582 9.57366 5.44145 3.61583 0.0546281 7.9635 7.22526 1.48686 4.52712 7.02567 2.3838 9.62004 7.3693 2.57912 6.08264 9.65148 7.26829 2.76559 6.28498 5.52995 3.86822 9.18332 1.59856 6.22089 0.903043 3.74401 1.95685 9.91821 4.81246 9.06552 8.69289 0.0686666 7.91467 5.2089 5.57024 8.53053 0.189215 0.581683 7.33543 6.16749 8.73592 9.80712 7.34916 6.20136 8.97275 6.38234 0.866115 0.628986 6.63289 2.93466 5.51775 5.01755 4.62905 6.8862 5.56688 1.99316 3.83801 4.34065 1.49388 8.73196 1.87719 0.00854518 1.47893 8.76705 8.93216 5.97705 6.33656 3.42692 4.69436 7.13919 4.47584 3.21268 5.47838 6.10034 8.43867 4.43068 5.57451 5.36515 9.58281 1.3892 1.90374 9.62432 2.47414 9.47874 6.03595 5.9508 
4.15204 4.42518 6.54256 0.958281 8.89676 1.79769e+308 5.54613 9.43846 2.63283 4.71999 9.59319 8.12983 8.38069 9.06308 0.655232 6.12598 0.470901 5.66912 8.86624 7.42882 8.69961 4.74746 9.81201 1.62938 0.235298 1.96295 9.98077 3.82122 1.13224 0.155339 2.85012 2.57912 3.63933 3.65703 7.18619 1.31779 3.37474 3.02103 4.10779 3.34391 5.42558 2.97067 4.48836 5.90777 3.43577 1.38676 3.24625 3.57372 0.746483 2.13904 2.09632 6.22211 7.64672 9.58098 7.32017 1.98645 3.80047 7.51457 4.11634 0.450453 9.91668 0.442824 4.09864 6.40797 7.71203 9.91852 7.49779 9.50285 2.24342 3.80169 6.63503 0.0601215 5.66515 1.24332 2.22785 6.42323 6.46962 1.2009 9.0878 4.10169 3.28684 7.30369 2.7781 2.05573 7.28996 6.87613 3.79009 6.4153 2.27973 6.93686 0.79928 6.95761 6.5096 4.98001 9.5706 6.64815 5.30503 7.35618 9.06583 9.56297 
6.08386 2.11432 7.18741 9.6057 1.00345 5.54613 1.79769e+308 8.55312 3.06131 1.32328 7.49992 2.11371 5.75152 6.67104 0.596637 7.22068 1.78961 0.828883 2.26234 6.93197 7.14194 5.47472 3.74035 3.6961 0.93234 8.82412 8.60958 7.09189 8.47468 7.79595 2.54341 5.80615 1.58177 8.32148 8.63369 2.91513 8.98038 5.35936 3.5902 8.52657 4.63027 9.18149 5.13749 8.84671 6.77114 9.49065 5.91144 5.73992 5.49883 3.93139 4.17219 5.83483 1.695 2.56111 6.64937 3.24534 5.11216 4.83627 3.82519 4.96719 4.43525 0.684225 2.97281 3.01401 7.12577 2.2187 9.26176 2.35206 1.86346 7.66045 0.239875 8.6993 1.40172 4.02966 4.01135 5.2504 8.6404 0.170598 6.41224 2.39143 3.7373 6.6689 7.50877 9.46074 5.06729 4.22529 2.7192 2.62856 1.83905 7.05405 8.8818 7.94977 1.18809 2.85592 0.572222 3.65337 7.5515 5.94287 6.99179 0.736412 
8.81039 1.07608 3.82183 8.16614 8.90439 9.43846 8.55312 1.79769e+308 7.14133 5.06302 4.72945 5.91937 5.33128 2.5016 6.72109 6.02527 9.76012 6.0097 2.7076 7.8515 6.97623 0.127567 1.5128 2.58736 5.42497 8.46828 0.448012 8.85128 2.60048 3.51665 2.16041 3.39488 9.16593 5.51439 4.23109 3.55632 7.86157 6.98599 1.84576 0.50325 0.0112918 4.47401 8.83847 7.34794 7.43675 4.04309 7.42943 1.1832 2.59377 2.11676 1.96753 3.10862 4.74899 8.20673 6.98782 5.30564 4.99741 1.10233 4.89731 9.22941 7.94519 5.07645 3.60454 3.97168 2.86203 7.67602 9.40092 8.86807 2.12104 5.65386 5.40819 9.39848 9.73418 0.612506 0.908536 0.457778 7.7987 0.912503 1.86132 6.04907 3.66741 1.41423 7.92535 9.4644 5.65233 7.61773 6.29963 3.01767 0.0759911 5.75335 7.69036 1.39225 7.48558 5.39811 4.72121 7.66106 0.834681 6.16871 8.09534 6.04602 
2.34413 1.7481 7.89453 4.28602 0.559099 2.63283 3.06131 7.14133 1.79769e+308 3.45744 5.06424 0.826136 0.481277 9.63225 6.01093 5.84582 3.03476 5.56047 8.18049 7.30461 1.2598 3.56914 4.63759 0.875881 8.53236 7.34428 7.88476 3.37596 6.43941 1.01444 3.85937 7.01315 3.28257 9.89532 0.957976 8.57906 7.75597 5.7036 5.63402 8.89187 1.86041 4.06079 1.14658 2.80892 2.12348 7.09037 1.0123 5.11643 3.17698 8.92758 3.72997 2.60903 2.76528 6.95029 0.333567 7.67754 2.23853 6.54653 1.34342 3.708 1.59795 2.22968 4.67086 7.61437 3.15439 2.91147 1.04617 9.80895 2.86264 4.14991 8.52596 6.92892 3.39366 5.18326 2.64412 7.62871 8.00897 3.55693 3.77453 6.75069 9.29533 5.1677 8.2577 8.18812 1.82775 2.52327 4.86251 1.75054 2.82235 9.04294 3.14341 4.34889 9.83459 2.20038 5.25071 0.804468 9.57457 3.33354 7.76513 4.60494 
9.76104 1.11759 9.70031 9.59838 0.455641 4.71999 1.32328 5.06302 3.45744 1.79769e+308 6.89962 6.91916 5.10971 3.90851 8.04102 7.13981 1.11179 3.1196 7.13431 4.54237 0.265816 5.34074 0.112003 0.611896 5.27085 6.01581 5.02213 3.06528 2.39631 3.07779 2.83486 9.67925 1.24577 3.9143 7.80114 3.46843 0.474258 4.45814 1.42216 7.02322 6.02832 0.723594 9.09757 8.81832 3.46477 8.09473 3.50932 9.30784 0.917386 8.67885 3.80871 9.61882 4.26893 2.04138 4.66353 0.653096 1.09104 9.63042 4.23505 5.41368 4.92019 8.2049 5.13962 2.36396 6.42476 2.58217 7.46361 2.6371 3.03018 3.01035 7.88965 8.905 3.56365 7.48405 4.00037 8.71639 9.4821 4.3144 7.81945 0.127262 9.24162 5.26597 7.65374 2.42164 7.37754 4.56984 2.29774 9.747 4.85122 4.13129 6.66646 0.46968 2.23151 0.239265 2.91299 0.0686666 2.26661 2.09387 6.09943 0.373547 
8.97885 1.68035 9.35698 0.412305 8.38466 9.59319 7.49992 4.72945 5.06424 6.89962 1.79769e+308 3.41807 7.46025 8.48109 2.96518 0.910367 5.76678 1.46367 9.54619 6.86453 3.95642 9.30357 7.10105 6.07593 5.40269 3.60332 0.648824 8.99808 7.20603 2.67556 1.41118 8.49757 6.18213 4.82864 3.19681 1.93976 8.8522 9.64385 4.82742 5.17014 5.75213 6.29933 1.4069 9.95148 5.36821 3.01309 2.25349 1.42033 8.0166 6.65609 8.30226 7.12912 4.97269 6.60634 6.79342 4.22651 3.17362 1.90405 6.06098 6.35029 0.791955 5.76983 8.22687 6.78793 4.00708 6.54653 2.62062 9.46776 0.275582 9.13327 7.73583 4.34706 8.4228 5.96606 4.52834 8.75546 0.858486 1.61565 8.8818 1.25858 8.23908 0.0582904 6.04114 9.60417 1.87719 8.68587 4.8323 9.31059 4.2259 8.11548 4.48012 4.46577 2.73293 1.86621 1.8363 7.29331 7.39433 4.95682 1.82989 8.05017 
5.35447 0.496841 8.73684 9.4116 0.136113 8.12983 2.11371 5.91937 0.826136 6.91916 3.41807 1.79769e+308 7.30552 5.49486 8.9526 1.82073 6.53371 8.31477 2.59163 3.76843 4.61684 4.73067 4.02417 9.40214 2.00323 7.46452 7.88324 1.4304 5.74694 4.81155 5.90747 9.7586 5.76891 3.10831 5.7918 6.18885 6.99606 1.56285 2.94565 0.396741 7.69372 8.50978 7.9754 8.73409 9.2996 3.15531 7.69921 2.42836 8.07642 1.87323 2.5135 6.74062 3.89172 3.11197 7.91772 7.64 6.44063 9.97986 3.01004 7.56218 4.22071 4.56618 3.77117 6.81265 6.5743 3.06742 3.94391 2.17597 4.11084 5.77074 1.32298 9.29441 7.81793 0.967132 2.26997 0.37965 2.17811 6.85354 2.25898 3.81848 2.60323 0.481887 5.27329 7.23533 2.49428 7.82678 9.86175 0.574358 0.245064 4.02264 4.66689 0.764794 1.49998 7.84539 1.23875 4.52864 6.97714 9.48943 6.94632 0.896634 
3.84259 7.97784 9.83917 8.00745 8.08588 8.38069 5.75152 5.33128 0.481277 5.10971 7.46025 7.30552 1.79769e+308 1.16947 5.71245 5.79882 9.99451 2.24158 1.40385 9.99054 9.65941 8.42463 1.64006 9.97864 6.45222 1.23081 3.29386 5.91205 2.62734 0.798059 0.254524 8.21772 5.62029 3.67321 1.32481 0.159917 1.61748 8.34956 4.8558 0.187078 9.77416 8.87387 9.18271 6.87216 8.63277 1.82714 2.92398 4.26618 1.31779 7.00308 4.20698 0.474258 1.05777 7.08396 2.87912 7.26615 3.60393 6.63686 4.77401 3.53374 8.10572 5.73931 2.08686 0.409864 3.00424 8.54335 8.92911 0.860012 8.51131 2.0954 6.11774 1.55705 2.22877 5.72405 4.26923 9.85687 9.47813 6.30116 9.25382 3.68053 4.89761 9.70244 9.07651 7.12302 6.87246 3.76385 6.24744 9.59349 1.3599 3.06192 4.70046 1.30497 6.67013 0.81576 5.32884 2.9255 5.76617 8.23695 9.19187 2.19825 
1.42338 2.41127 0.928983 0.689718 0.16541 9.06308 6.67104 2.5016 9.63225 3.90851 8.48109 5.49486 1.16947 1.79769e+308 7.64946 6.6274 2.46376 5.3502 4.38581 2.54952 2.18299 6.0976 5.33952 1.37089 6.86178 0.0598163 5.1796 9.50163 1.0242 7.39982 7.21335 0.63509 7.73278 1.49358 8.61934 6.3094 8.1637 6.45528 9.13358 6.08936 2.29652 1.31382 9.75799 7.69799 9.78118 3.66985 3.04849 2.39662 5.03922 0.631733 1.55004 5.93554 5.67095 9.85504 5.93677 0.37904 8.22169 8.48506 9.42228 7.12577 0.375072 2.83029 0.00244148 6.43086 3.6372 6.56362 7.09311 3.74523 5.56597 0.275582 4.12183 8.18323 5.61968 0.186468 3.64391 3.43242 3.67779 8.83175 6.53676 6.41743 5.30107 5.52934 1.83935 4.02814 2.79153 9.45158 8.80093 3.23008 6.11866 3.09885 7.69616 4.86312 2.7665 9.00327 0.975066 6.44612 0.574053 7.46147 1.30528 4.29731 
6.86392 7.48222 3.09519 6.48518 4.51582 0.655232 0.596637 6.72109 6.01093 8.04102 2.96518 8.9526 5.71245 7.64946 1.79769e+308 2.62307 8.12006 8.07306 0.283212 8.2403 3.21818 8.90194 3.50993 9.176 5.3032 7.75536 2.26661 5.01938 7.23289 6.18397 6.53768 6.91702 7.27287 9.27671 6.39149 3.65123 7.10715 2.88491 6.56331 9.14792 5.56902 3.6784 2.53883 5.46983 5.90838 8.59279 8.45668 0.36256 9.40519 5.23728 2.13843 3.41258 3.14493 9.82055 7.56127 9.88128 4.76699 4.15815 0.0830103 6.27735 1.99408 8.32636 4.73525 6.73116 9.76653 0.520035 2.89285 4.22987 2.77749 0.68392 7.63909 5.78143 6.24165 9.47233 3.12937 5.56322 2.68807 9.10428 8.27631 5.12528 7.60979 7.67785 0.0592059 4.70351 1.76672 3.5023 6.7803 4.71175 2.96731 1.01077 6.5688 1.46886 5.12925 4.82162 1.45543 6.23035 7.44255 3.50139 2.32673 1.57781 
9.03684 5.15854 9.40428 4.81277 9.57366 6.12598 7.22068 6.02527 5.84582 7.13981 0.910367 1.82073 5.79882 6.6274 2.62307 1.79769e+308 1.44108 9.60234 5.06546 4.24177 8.79666 7.52892 3.20109 8.40571 7.64733 5.80065 7.37205 8.56349 0.275582 5.26994 6.91977 5.99261 9.94568 9.86175 3.92346 7.89911 9.7116 1.39256 4.98733 3.30271 1.01444 5.03769 1.09592 4.72365 4.87411 7.00156 0.847804 9.73113 3.49071 0.959502 7.38029 1.41636 5.07248 4.83322 4.29884 1.86041 9.6942 4.45631 0.921659 7.64275 9.00662 5.70177 2.15552 1.4713 7.60491 1.62572 3.30973 8.98618 8.86929 6.19434 5.16617 4.79812 3.09061 1.15482 9.61577 6.83309 0.696127 7.61528 1.17313 3.0369 8.38191 8.89035 4.68337 9.50529 0.969878 6.18274 4.53078 4.10443 6.80013 3.65795 5.66698 4.64064 9.46959 4.47401 1.7655 5.6447 3.73211 4.33393 0.820032 2.82907 
2.90994 4.45265 9.70672 5.96606 5.44145 0.470901 1.78961 9.76012 3.03476 1.11179 5.76678 6.53371 9.99451 2.46376 8.12006 1.44108 1.79769e+308 8.37245 4.11908 3.49376 9.2877 3.85968 8.16553 4.53688 2.49245 7.60674 9.74914 2.58278 6.1565 4.63271 0.339366 8.63735 6.01978 6.45253 4.18714 8.56716 3.6259 5.99841 4.80392 9.91028 7.14805 1.39256 4.89914 8.3108 3.32896 6.37684 6.33869 3.89904 9.59655 0.215461 1.68371 2.92215 0.416272 4.88662 3.87494 4.94369 6.94876 2.36579 5.62181 0.919218 4.06323 9.82391 5.06546 2.46742 3.78521 5.54582 9.26939 7.64122 9.22666 3.38572 2.10578 3.51726 8.06757 8.56838 8.10297 0.914029 9.65423 2.64992 8.80428 1.55217 4.76913 0.455947 3.21665 2.96548 2.14209 6.79922 8.90072 1.4832 0.759911 5.79608 5.26597 8.58669 2.04199 0.597858 5.63952 0.961028 0.938444 6.33869 9.66338 9.54802 
7.49199 1.62664 3.15867 9.26847 3.61583 5.66912 0.828883 6.0097 5.56047 3.1196 1.46367 8.31477 2.24158 5.3502 8.07306 9.60234 8.37245 1.79769e+308 0.0195318 4.12091 2.58797 7.9165 5.61419 8.85006 3.02347 5.26261 0.0616474 8.72677 5.70757 4.34889 9.1409 9.21384 0.858791 9.70061 8.7347 9.28709 6.67318 6.36494 9.79919 2.78329 6.52547 4.55275 5.69201 2.66121 7.44469 0.468459 0.929594 0.981475 1.41697 8.64559 5.43199 2.42439 6.08661 6.09882 3.31614 4.15418 6.41102 3.60393 0.306101 9.84344 3.83831 4.4203 8.8171 0.670186 4.56404 5.76617 4.77645 1.10233 3.43486 3.361 5.24918 2.27454 5.05692 4.34736 0.922575 0.781274 8.67672 8.90225 2.52052 5.68804 8.39015 5.85437 5.20219 1.58055 5.2501 2.61696 0.0134281 0.460219 2.82876 4.7496 6.45466 0.299387 2.79855 5.46007 5.21653 3.07077 2.09815 0.363781 5.16251 0.0607318 
8.00745 3.85784 8.58547 8.56166 0.0546281 8.86624 2.26234 2.7076 8.18049 7.13431 9.54619 2.59163 1.40385 4.38581 0.283212 5.06546 4.11908 0.0195318 1.79769e+308 8.24091 7.80572 3.60698 7.2808 4.32966 0.0622578 3.95825 8.78903 0.343638 5.73748 9.78637 0.73397 2.25501 8.65749 9.38139 3.93536 5.54064 3.58745 9.85961 7.80969 4.65194 4.073 4.88601 3.45683 5.0029 2.725 5.07004 8.72219 9.04019 9.2584 5.10056 3.03903 2.95907 6.59597 6.68233 4.87411 5.62548 0.352794 1.33366 9.57701 6.26698 2.01147 2.11371 0.457778 2.49641 1.09989 8.33308 0.897549 5.23179 6.68783 2.3188 0.305795 2.06885 3.50993 2.29255 1.73956 5.67827 3.03354 0.421155 3.99365 8.78079 4.77584 0.110172 5.97797 2.26966 8.19147 1.59551 6.19007 8.03858 0.43611 9.89746 5.10117 3.07932 0.324717 4.2027 3.26029 6.41224 3.78979 2.73385 2.93832 5.41002 
0.0784326 4.14045 3.36863 9.62096 7.9635 7.42882 6.93197 7.8515 7.30461 4.54237 6.86453 3.76843 9.99054 2.54952 8.2403 4.24177 3.49376 4.12091 8.24091 1.79769e+308 1.15879 2.16987 6.11621 3.07962 1.5595 5.67858 6.63472 2.86416 4.7673 8.62606 9.31791 2.52358 5.80584 6.02466 3.8789 3.66527 2.61391 0.781579 6.42659 8.47591 2.09204 6.81021 6.37959 0.226753 4.83993 6.06555 1.60497 9.11191 3.89782 3.5728 9.59136 9.97436 7.80389 9.50316 7.46879 3.49773 3.28227 2.36091 8.69167 7.41295 7.87011 2.35267 9.18943 9.28556 7.79992 8.98862 0.80752 7.45109 1.4478 1.98706 4.84359 1.65593 3.66283 9.54466 3.49254 9.96796 1.28178 3.02652 2.01727 3.51756 5.15641 2.15094 9.4525 5.63585 8.98892 9.72076 0.655843 6.94845 0.301828 9.96918 7.5219 2.98868 3.84808 9.58251 2.16498 5.89404 2.77169 5.45915 9.89135 6.74459 
8.80947 2.65084 5.59069 5.01053 7.22526 8.69961 7.14194 6.97623 1.2598 0.265816 3.95642 4.61684 9.65941 2.18299 3.21818 8.79666 9.2877 2.58797 7.80572 1.15879 1.79769e+308 7.84082 8.27113 4.76424 0.111087 0.052797 5.88702 5.58367 7.37327 6.93838 5.72344 5.08652 0.364086 7.86096 0.0814844 0.18067 1.9187 8.64162 3.53832 6.03107 4.86953 0.804468 6.4449 1.79968 6.06922 5.77013 3.60851 0.864589 6.99118 9.29868 2.20679 3.3198 7.47612 6.50136 8.0047 3.57311 4.18592 2.72988 3.93475 0.857875 0.325632 0.658895 0.105289 5.46251 8.19971 8.8699 9.29197 8.49757 1.1594 2.25288 6.98386 8.01111 6.51173 9.53856 0.0427259 9.26267 5.94317 8.26777 3.0372 1.97058 5.02976 2.51961 6.31397 2.34535 8.38832 3.7019 4.87197 2.71859 2.03619 9.72381 2.09937 6.58406 9.52208 2.85684 7.43522 1.85919 3.38328 1.60314 2.01971 0.186163 
5.39598 3.18155 4.92538 1.98157 1.48686 4.74746 5.47472 0.127567 3.56914 5.34074 9.30357 4.73067 8.42463 6.0976 8.90194 7.52892 3.85968 7.9165 3.60698 2.16987 7.84082 1.79769e+308 8.50703 6.87643 1.39744 5.07462 8.93796 7.81518 9.32981 6.70919 4.71328 7.53471 1.78655 6.2273 0.276498 4.13587 5.17563 7.28355 1.0361 7.27714 7.87011 7.71111 9.63225 5.62639 9.10367 9.09177 8.4695 5.50707 4.28694 7.05252 0.0875881 6.04389 0.81698 0.0930815 1.92236 1.12735 3.43211 9.76379 7.02353 3.50749 3.18491 0.00122074 7.29362 1.32725 9.08811 8.44172 0.809656 2.41218 6.49922 7.51152 9.7882 6.62343 1.30772 8.1225 0.754418 1.59276 3.98267 3.77453 3.48949 2.14698 2.5483 7.88079 0.297861 8.73745 8.54732 2.12683 2.18024 5.18418 5.05325 8.6816 3.45653 1.05197 0.800195 4.06384 1.41148 8.96481 9.48454 7.48375 2.52083 2.17505 
9.46196 5.9975 6.76656 0.119938 4.52712 9.81201 3.74035 1.5128 4.63759 0.112003 7.10105 4.02417 1.64006 5.33952 3.50993 3.20109 8.16553 5.61419 7.2808 6.11621 8.27113 8.50703 1.79769e+308 8.305 1.46886 1.82318 2.70089 4.80667 7.58873 6.9985 5.34013 6.08539 5.08835 3.71502 7.87713 9.41923 5.2443 3.81085 2.79153 8.38649 9.25871 2.8663 0.787683 3.53832 2.4955 8.73775 1.44719 1.68035 2.88308 7.60643 1.32786 2.83212 6.28529 9.11344 4.81338 8.92544 6.65853 7.13492 8.03125 3.30088 3.80749 7.77032 1.14841 5.07218 6.55049 1.09226 9.35942 7.41111 4.10718 8.23664 7.87713 3.82397 3.52214 0.379955 1.24088 1.47801 5.93402 1.17985 2.2541 5.64196 9.50865 9.23063 0.860622 4.29945 1.84088 2.10273 8.27906 7.00522 9.64507 8.5284 6.69881 7.03696 8.53877 0.28901 9.85992 0.91586 0.741905 0.379345 4.81918 4.34919 
4.29914 1.54729 3.16752 8.13288 7.02567 1.62938 3.6961 2.58736 0.875881 0.611896 6.07593 9.40214 9.97864 1.37089 9.176 8.40571 4.53688 8.85006 4.32966 3.07962 4.76424 6.87643 8.305 1.79769e+308 3.49528 8.99747 0.226142 8.66054 6.01367 3.93231 1.40965 6.77541 7.78893 6.90847 7.59606 2.81442 6.05213 2.44819 1.56957 4.3675 5.20829 0.818506 7.08609 1.50182 6.05609 1.62053 4.35072 1.57384 7.60552 9.58708 8.87906 3.90271 9.30601 9.14701 4.04431 3.37046 6.49678 9.32859 2.63527 7.01041 6.89169 5.54765 7.7221 2.64504 0.913724 9.86145 8.15912 3.63994 3.68786 6.23676 9.02371 8.82992 1.50639 2.4015 2.31117 1.68584 0.581378 4.84268 8.19666 7.78344 0.892666 8.50764 2.17292 4.63027 2.94778 7.77856 8.38496 2.92489 0.262154 0.276498 4.4615 3.29936 5.37767 0.0616474 8.16919 7.61559 2.22541 1.7893 1.19205 8.87265 
8.14966 6.24042 8.81222 3.05673 2.3838 0.235298 0.93234 5.42497 8.53236 5.27085 5.40269 2.00323 6.45222 6.86178 5.3032 7.64733 2.49245 3.02347 0.0622578 1.5595 0.111087 1.39744 1.46886 3.49528 1.79769e+308 2.65267 2.38533 0.35371 8.79208 9.91791 1.80517 1.59368 7.13981 6.97378 9.43693 7.00797 1.84942 2.3487 7.70837 0.272225 4.00952 1.43559 9.46989 0.753197 6.7745 6.00543 0.702231 1.62542 2.2663 9.75524 5.12436 2.30354 5.5266 2.70302 2.25501 0.505387 9.57945 2.24586 5.49638 4.25428 0.672628 3.68664 1.79571 9.13511 7.75811 8.04773 9.45799 1.11972 5.26902 9.98321 5.65813 0.268563 3.26365 3.59996 0.228889 5.62487 3.99396 9.00235 7.27744 6.61031 8.96298 7.37022 1.19633 1.2418 5.53148 7.38792 8.6346 6.47359 7.1395 0.829493 2.9841 0.980865 6.20289 0.120548 2.95175 5.69933 3.74859 5.68102 1.77404 2.42866 
8.10755 3.12876 0.475173 7.66381 9.62004 1.96295 8.82412 8.46828 7.34428 6.01581 3.60332 7.46452 1.23081 0.0598163 7.75536 5.80065 7.60674 5.26261 3.95825 5.67858 0.052797 5.07462 1.82318 8.99747 2.65267 1.79769e+308 4.85061 5.86932 8.63918 5.81713 3.92804 7.3339 8.87722 9.03684 8.97092 8.59096 4.48714 8.46095 8.75271 4.63149 1.55187 7.66167 2.0951 5.38377 6.1153 6.03198 3.24503 5.82781 5.07584 2.35298 2.42592 0.589007 3.66436 8.61354 5.63158 0.813623 6.06555 4.39436 2.71615 6.14185 0.744652 7.13492 7.85089 9.59319 7.04733 8.58943 1.40416 8.17225 4.62874 2.78573 7.31162 7.01071 2.27729 5.8037 4.99588 9.85778 7.69768 2.67891 9.90051 3.72753 4.81094 1.75176 1.69774 0.524308 0.137333 1.76641 4.23902 3.44768 4.82467 2.03833 6.29963 0.998871 3.88226 1.00162 7.19291 6.39546 9.18577 3.44523 6.30665 5.20951 
8.91659 9.5761 5.27543 1.91198 7.3693 9.98077 8.60958 0.448012 7.88476 5.02213 0.648824 7.88324 3.29386 5.1796 2.26661 7.37205 9.74914 0.0616474 8.78903 6.63472 5.88702 8.93796 2.70089 0.226142 2.38533 4.85061 1.79769e+308 7.81182 1.75481 0.628681 9.04111 2.27119 1.47099 9.32402 8.03827 4.19507 6.47603 9.42259 0.0778222 8.04163 4.12122 1.68706 9.42076 6.38661 5.61022 0.715964 2.6484 3.35673 1.94586 8.34773 4.70077 7.77093 0.759911 4.42732 2.82174 2.54982 4.32966 4.00281 1.22898 1.95898 4.10138 5.00534 4.31898 3.24564 2.03009 5.48173 1.21677 4.23292 4.04645 4.44044 9.49095 3.43211 5.96759 5.37492 0.835292 4.24055 7.15842 6.52058 6.54317 9.77966 2.26325 6.91916 5.56993 9.94263 6.31428 2.33955 3.01462 7.21122 3.52977 0.130009 1.81921 2.80526 5.1207 7.05527 5.5031 9.72472 6.40858 9.18516 4.74776 4.24909 
3.81146 3.85388 9.76287 1.3419 2.57912 3.82122 7.09189 8.85128 3.37596 3.06528 8.99808 1.4304 5.91205 9.50163 5.01938 8.56349 2.58278 8.72677 0.343638 2.86416 5.58367 7.81518 4.80667 8.66054 0.35371 5.86932 7.81182 1.79769e+308 8.57662 7.89666 5.64043 2.4601 5.35936 1.05411 2.38838 3.34086 9.9881 3.42235 2.32185 5.02304 2.70058 5.38591 5.992 5.74084 4.1319 4.02814 0.180059 6.05304 4.89639 5.63829 6.63045 3.89782 6.67074 3.70464 4.3144 9.04386 5.0972 1.46123 8.04773 8.49422 9.81475 3.04514 1.26377 9.41465 1.92846 2.331 5.76128 1.14048 4.23811 3.50383 6.23676 2.82998 4.52925 2.43202 2.41432 8.32331 7.24296 2.90323 6.5865 4.77065 3.84136 6.78884 9.37651 6.59658 7.17154 2.19214 1.53661 1.35228 0.149236 8.65139 4.59517 9.03104 4.07147 3.45286 8.16034 1.39744 6.8685 8.12433 6.69912 2.90628 
4.05011 0.293283 9.86663 2.38258 6.08264 1.13224 8.47468 2.60048 6.43941 2.39631 7.20603 5.74694 2.62734 1.0242 7.23289 0.275582 6.1565 5.70757 5.73748 4.7673 7.37327 9.32981 7.58873 6.01367 8.79208 8.63918 1.75481 8.57662 1.79769e+308 6.61061 9.16044 3.60302 9.75585 0.583514 2.0539 5.34745 8.65841 5.23942 2.68838 3.56334 1.87292 7.34031 5.15732 7.83288 0.0735496 1.60619 0.0689718 7.01651 9.61211 5.18082 2.4073 1.93213 5.73504 4.22132 2.99936 7.19138 8.32423 2.93558 2.66457 5.009 1.71606 0.369274 3.09885 8.79849 5.168 5.26139 3.56059 9.3643 5.52843 4.27625 7.41935 1.50456 8.68038 3.93048 7.63054 3.83801 1.31413 1.52043 5.19974 9.66216 9.59655 5.36943 9.69543 1.66234 6.29444 9.6997 5.87634 8.28181 2.92093 4.44868 5.49547 4.56008 8.46187 5.34135 8.3401 5.26231 1.24638 4.52132 1.57384 3.09946 
2.89346 7.76025 3.16996 8.70602 9.65148 0.155339 7.79595 3.51665 1.01444 3.07779 2.67556 4.81155 0.798059 7.39982 6.18397 5.26994 4.63271 4.34889 9.78637 8.62606 6.93838 6.70919 6.9985 3.93231 9.91791 5.81713 0.628681 7.89666 6.61061 1.79769e+308 5.52721 7.07053 1.44353 9.86602 9.32646 3.71197 6.40828 3.29325 5.11551 5.02213 5.75945 7.44469 9.89257 7.45659 2.79244 9.4525 6.2096 6.50502 6.58834 0.417798 0.727256 7.28965 1.47282 3.28501 1.84637 7.91528 8.21619 5.4973 2.98441 5.8861 6.02802 9.25138 3.06192 2.90231 9.42259 7.16453 0.756249 8.34803 9.00266 6.16169 4.08765 6.78152 0.237434 7.3983 1.89825 9.74487 9.28983 5.03098 8.7936 7.1984 9.95209 1.64922 0.0958281 8.90164 0.765404 3.1782 8.38618 1.04282 6.37196 1.06815 8.18659 8.43959 2.16895 4.57991 0.351573 7.61376 6.32862 0.981475 2.72927 1.06265 
9.69359 6.19037 4.48164 4.09101 7.26829 2.85012 2.54341 2.16041 3.85937 2.83486 1.41118 5.90747 0.254524 7.21335 6.53768 6.91977 0.339366 9.1409 0.73397 9.31791 5.72344 4.71328 5.34013 1.40965 1.80517 3.92804 9.04111 5.64043 9.16044 5.52721 1.79769e+308 8.23817 6.46931 8.65261 8.03156 7.43553 5.61876 9.82635 2.09998 2.0896 2.19001 5.17197 0.903653 1.09684 9.0878 2.19092 8.29127 8.85403 0.296945 2.40974 4.23872 6.76534 2.60292 7.47093 2.82876 0.556352 9.90814 7.42821 3.60942 7.44774 7.96045 7.81579 6.64449 2.25257 2.30384 7.0452 6.56728 6.46687 7.26493 0.699179 5.9505 9.40764 8.78353 4.28236 3.30668 5.46525 8.90774 0.98941 6.02741 6.53157 4.76089 6.05853 3.57921 3.66588 9.79125 4.2671 1.26316 7.06198 0.120548 2.13538 9.85687 8.37855 3.80566 1.39866 1.44292 4.49507 5.81713 5.31327 6.74703 6.75771 
8.28272 9.84802 5.68438 1.79907 2.76559 2.57912 5.80615 3.39488 7.01315 9.67925 8.49757 9.7586 8.21772 0.63509 6.91702 5.99261 8.63735 9.21384 2.25501 2.52358 5.08652 7.53471 6.08539 6.77541 1.59368 7.3339 2.27119 2.4601 3.60302 7.07053 8.23817 1.79769e+308 6.55812 4.35469 4.28724 4.77126 6.7275 2.87576 6.65609 8.811 6.34602 3.28074 4.24146 9.90478 0.751671 9.28587 1.70324 1.65654 1.38493 4.81857 7.51549 2.86905 4.16578 0.130314 1.88574 5.03098 3.28623 1.67425 3.37107 3.72845 3.22214 7.3162 9.49126 8.04682 6.78182 3.44096 1.66295 7.02109 2.0014 5.51469 9.76287 7.20115 5.70147 8.66756 6.6274 0.391552 6.51479 9.85778 7.81335 5.63219 5.19974 8.18018 6.91916 4.47462 5.05387 4.88235 1.78838 3.62835 0.232246 9.65087 1.90344 4.02692 4.79446 4.72671 2.28248 0.385449 0.281991 3.41929 4.19416 0.309763 
3.60912 2.70821 5.25193 1.29673 6.28498 3.63933 1.58177 9.16593 3.28257 1.24577 6.18213 5.76891 5.62029 7.73278 7.27287 9.94568 6.01978 0.858791 8.65749 5.80584 0.364086 1.78655 5.08835 7.78893 7.13981 8.87722 1.47099 5.35936 9.75585 1.44353 6.46931 6.55812 1.79769e+308 4.64675 4.57503 8.00043 7.01498 0.336314 9.56389 8.44111 4.72335 4.35621 3.35276 7.67266 0.800195 8.11304 6.21906 6.37165 3.68786 9.85748 7.67296 8.22016 0.706503 7.53746 9.14884 8.07855 4.77767 4.87289 7.02933 9.16684 4.138 8.46828 2.56417 9.5584 4.10291 8.76736 0.244148 3.30454 4.94461 2.67495 1.19694 6.50197 4.94339 0.646382 3.16233 3.6082 2.68075 6.06464 3.61614 4.33241 7.63054 9.71191 7.59636 6.39729 3.1138 7.15629 6.80166 4.49538 0.680563 1.85827 1.52165 0.751061 9.98016 1.81066 1.96173 6.99637 3.1782 2.52968 0.523392 4.17463 
5.16343 5.5913 6.25416 7.29484 5.52995 3.65703 8.32148 5.51439 9.89532 3.9143 4.82864 3.10831 3.67321 1.49358 9.27671 9.86175 6.45253 9.70061 9.38139 6.02466 7.86096 6.2273 3.71502 6.90847 6.97378 9.03684 9.32402 1.05411 0.583514 9.86602 8.65261 4.35469 4.64675 1.79769e+308 7.99432 4.20392 1.60619 9.19095 8.40754 5.81774 0.490127 4.50941 7.10654 4.05652 7.86401 0.823389 8.73623 9.81445 1.55919 8.09992 8.0105 0.107425 2.05512 5.31724 1.7481 8.21375 3.3137 4.20667 8.90072 9.84375 5.51103 7.31132 7.62627 8.16309 1.22532 5.67095 3.48094 5.47288 1.64373 6.45161 7.78436 4.36415 4.35194 5.82781 0.222175 6.15436 9.26756 7.42912 4.75173 9.42595 4.28144 1.67058 2.86966 6.47206 7.16788 6.26911 3.30454 0.465102 5.32762 3.26609 2.20069 1.16276 9.9234 2.86935 2.84921 1.95837 5.97552 9.4174 9.03409 6.09333 
0.451674 8.65871 1.43345 3.75408 3.86822 7.18619 8.63369 4.23109 0.957976 7.80114 3.19681 5.7918 1.32481 8.61934 6.39149 3.92346 4.18714 8.7347 3.93536 3.8789 0.0814844 0.276498 7.87713 7.59606 9.43693 8.97092 8.03827 2.38838 2.0539 9.32646 8.03156 4.28724 4.57503 7.99432 1.79769e+308 4.97421 9.79125 1.05472 4.84298 1.57628 9.57732 8.48567 5.48509 0.944243 7.29667 8.73653 1.86895 8.29402 2.01392 5.47716 5.39232 7.21061 4.6382 5.98743 9.20133 8.29829 8.22504 1.49449 3.42753 4.72243 7.5985 9.56328 4.27015 6.21174 3.59966 2.59529 4.73983 8.07489 2.2779 1.51219 9.87396 6.80502 4.33454 8.66634 4.23902 8.82504 5.13504 9.06156 4.52895 3.94116 0.597552 3.93109 5.07401 0.06592 9.27549 5.74602 9.07285 0.772423 5.94104 8.70846 3.35856 2.24494 6.98935 3.79528 9.51506 1.18412 2.9664 2.41951 9.14884 0.234382 
2.07282 0.983612 4.43892 2.24189 9.18332 1.31779 2.91513 3.55632 8.57906 3.46843 1.93976 6.18885 0.159917 6.3094 3.65123 7.89911 8.56716 9.28709 5.54064 3.66527 0.18067 4.13587 9.41923 2.81442 7.00797 8.59096 4.19507 3.34086 5.34745 3.71197 7.43553 4.77126 8.00043 4.20392 4.97421 1.79769e+308 8.54335 7.76269 6.1391 2.49062 5.23911 7.84753 3.66802 1.65166 7.21671 9.41099 8.85342 9.38047 5.45091 6.64205 2.78512 6.43056 0.592364 3.84289 8.79299 9.1113 9.83459 6.08051 6.74001 7.64031 8.09534 6.8865 6.17145 7.95679 8.82931 7.07327 6.11988 3.55571 4.78103 3.72478 4.38307 8.90042 3.99243 3.42326 4.08765 0.980255 1.37577 8.7817 0.352184 0.579852 1.16581 2.33314 4.85672 9.81262 0.564898 6.85293 1.13742 7.4865 9.88891 6.1623 8.41731 8.86898 9.53215 5.48906 6.78152 1.40446 9.06095 5.43596 1.51494 2.95328 
7.734 4.40291 5.48845 4.50331 1.59856 3.37474 8.98038 7.86157 7.75597 0.474258 8.8522 6.99606 1.61748 8.1637 7.10715 9.7116 3.6259 6.67318 3.58745 2.61391 1.9187 5.17563 5.2443 6.05213 1.84942 4.48714 6.47603 9.9881 8.65841 6.40828 5.61876 6.7275 7.01498 1.60619 9.79125 8.54335 1.79769e+308 8.74783 8.62911 9.41313 4.11176 8.85891 3.10221 4.87533 1.17771 7.00949 1.48259 8.5989 1.32237 8.89828 0.0399792 6.68142 6.53218 2.73049 6.6628 2.94504 7.88263 2.6487 1.81768 2.29957 6.70522 1.4774 1.56865 7.94885 4.21522 8.09778 6.69942 0.257881 6.15406 9.76226 7.01956 0.0985748 4.01685 4.66445 4.90371 4.47066 9.42473 5.07736 7.13553 7.22831 3.2017 6.36464 9.11161 2.71462 5.72344 2.18879 0.472121 5.11673 0.0970489 1.22257 6.22333 1.35838 4.73586 5.67309 2.40303 0.339671 6.88955 6.93838 0.368053 6.33625 
5.22904 3.03598 0.0482192 5.57482 6.22089 3.02103 5.35936 6.98599 5.7036 4.45814 9.64385 1.56285 8.34956 6.45528 2.88491 1.39256 5.99841 6.36494 9.85961 0.781579 8.64162 7.28355 3.81085 2.44819 2.3487 8.46095 9.42259 3.42235 5.23942 3.29325 9.82635 2.87576 0.336314 9.19095 1.05472 7.76269 8.74783 1.79769e+308 3.69701 8.7054 8.75149 9.37223 2.3188 2.79916 7.16025 0.375988 5.71368 8.10114 0.674154 3.93841 5.62426 7.84478 9.20713 6.47511 9.33195 5.6032 0.793786 2.61544 1.74017 5.28092 2.86721 7.62719 9.35942 5.42131 0.582598 8.68374 7.74041 3.14371 6.25935 2.79885 8.93521 8.02179 8.99411 4.22773 0.533464 1.21403 8.51711 9.15677 2.84951 0.165105 2.34535 0.488907 5.80981 4.18104 0.300302 0.542314 2.11554 1.19785 5.45244 4.4676 8.2342 1.05594 5.55132 2.20161 9.78729 5.58824 4.01044 1.7719 2.89346 0.837123 
6.15955 5.2443 4.52895 0.704672 0.903043 4.10779 3.5902 1.84576 5.63402 1.42216 4.82742 2.94565 4.8558 9.13358 6.56331 4.98733 4.80392 9.79919 7.80969 6.42659 3.53832 1.0361 2.79153 1.56957 7.70837 8.75271 0.0778222 2.32185 2.68838 5.11551 2.09998 6.65609 9.56389 8.40754 4.84298 6.1391 8.62911 3.69701 1.79769e+308 4.50179 1.75726 8.03247 1.71697 8.22779 5.72283 7.99036 4.42366 7.93176 6.44002 6.4507 6.91702 7.70837 2.70333 8.78994 2.77841 2.67739 6.56087 1.64525 8.76125 7.58477 3.7608 2.81381 1.34373 8.38923 5.24094 8.04376 2.6017 5.90136 2.45857 6.28651 0.705283 5.53758 4.38643 9.96612 5.36058 2.24586 8.97732 1.82958 3.50444 4.67391 6.91549 4.94644 5.56566 7.63421 0.466323 7.40867 7.6043 6.93594 5.23484 8.305 9.64293 5.64074 7.64672 6.52638 5.50249 5.80676 5.96606 8.96512 4.45326 4.78347 
7.56859 4.9556 7.75323 9.55504 3.74401 3.34391 8.52657 0.50325 8.89187 7.02322 5.17014 0.396741 0.187078 6.08936 9.14792 3.30271 9.91028 2.78329 4.65194 8.47591 6.03107 7.27714 8.38649 4.3675 0.272225 4.63149 8.04163 5.02304 3.56334 5.02213 2.0896 8.811 8.44111 5.81774 1.57628 2.49062 9.41313 8.7054 4.50179 1.79769e+308 7.66015 9.67009 9.99634 0.121158 0.922575 6.52516 6.08356 2.15522 3.1727 7.00552 6.09546 8.32667 4.33638 9.58037 4.88296 8.30744 7.72637 2.32276 9.1879 3.98663 6.3332 5.28977 6.75558 3.38267 7.33848 8.23206 9.45189 2.5428 2.66091 0.199591 0.695212 4.4969 8.35566 2.6072 2.52083 9.32005 0.665609 2.31239 2.57942 4.3733 1.55431 6.28376 6.39882 8.78445 1.51677 4.40687 5.20402 1.2244 2.49275 2.00171 4.62203 5.05295 8.68618 8.60836 4.57411 9.88525 8.11151 4.6025 5.67461 3.6491 
2.3954 9.83581 9.63927 7.46666 1.95685 5.42558 4.63027 0.0112918 1.86041 6.02832 5.75213 7.69372 9.77416 2.29652 5.56902 1.01444 7.14805 6.52547 4.073 2.09204 4.86953 7.87011 9.25871 5.20829 4.00952 1.55187 4.12122 2.70058 1.87292 5.75945 2.19001 6.34602 4.72335 0.490127 9.57732 5.23911 4.11176 8.75149 1.75726 7.66015 1.79769e+308 2.6719 2.20985 2.44423 4.19477 9.58647 2.47322 8.65291 4.51247 1.97699 4.74227 5.10544 0.631428 1.42888 0.242927 5.17808 6.25507 0.334788 6.29414 8.42524 3.19437 6.83889 2.72713 7.56127 1.66997 0.186773 7.08121 9.13663 9.5352 9.30479 0.123295 3.21696 4.48927 2.40699 8.2693 2.3777 8.34223 0.456252 4.45662 5.32853 7.39128 2.28095 4.04157 5.4796 7.97357 4.16608 7.2747 9.76043 1.25828 1.73009 4.92172 8.00623 6.339 6.89962 8.5934 8.22291 5.68621 7.79107 2.34169 8.04315 
0.785852 9.08567 9.63225 3.79742 9.91821 2.97067 9.18149 4.47401 4.06079 0.723594 6.29933 8.50978 8.87387 1.31382 3.6784 5.03769 1.39256 4.55275 4.88601 6.81021 0.804468 7.71111 2.8663 0.818506 1.43559 7.66167 1.68706 5.38591 7.34031 7.44469 5.17197 3.28074 4.35621 4.50941 8.48567 7.84753 8.85891 9.37223 8.03247 9.67009 2.6719 1.79769e+308 2.03253 4.31867 7.09189 7.68639 0.739158 7.33818 4.46394 4.73678 6.71712 4.13251 1.55736 6.04602 9.96033 8.06452 3.25022 7.08365 8.75515 5.19791 3.58226 4.03455 4.62722 5.70544 2.78298 8.96878 8.09198 2.87301 1.507 3.38633 9.26237 7.5164 8.83602 0.455641 2.3899 0.617084 5.61724 1.2534 8.38832 1.99835 9.69329 5.32426 4.40992 7.84356 4.58876 0.866726 4.53658 4.87686 8.21986 4.86129 0.644246 4.01929 3.18155 8.45241 7.50664 1.32511 5.18296 7.89789 1.19999 9.01944 
1.89825 6.86941 6.71834 9.24986 4.81246 4.48836 5.13749 8.83847 1.14658 9.09757 1.4069 7.9754 9.18271 9.75799 2.53883 1.09592 4.89914 5.69201 3.45683 6.37959 6.4449 9.63225 0.787683 7.08609 9.46989 2.0951 9.42076 5.992 5.15732 9.89257 0.903653 4.24146 3.35276 7.10654 5.48509 3.66802 3.10221 2.3188 1.71697 9.99634 2.20985 2.03253 1.79769e+308 1.18717 6.39485 4.87136 4.44349 3.82214 7.09983 0.931425 9.72594 3.62255 2.65084 3.73699 9.98474 5.6682 1.50639 1.82318 2.88064 2.17566 6.41408 3.74981 7.32994 7.61498 5.31877 6.62252 4.18714 7.90155 0.028077 1.3535 6.71712 0.23896 2.93985 3.72234 3.661 5.16587 7.15232 5.29893 2.71584 7.37083 0.26307 3.29478 7.23289 6.84256 7.17429 3.39976 3.95489 6.91305 2.21107 4.67238 4.59822 0.756859 5.87359 0.541398 9.09787 2.91269 6.52547 4.98306 3.32102 7.38334 
0.0161748 0.310984 7.21 0.625019 9.06552 5.90777 8.84671 7.34794 2.80892 8.81832 9.95148 8.73409 6.87216 7.69799 5.46983 4.72365 8.3108 2.66121 5.0029 0.226753 1.79968 5.62639 3.53832 1.50182 0.753197 5.38377 6.38661 5.74084 7.83288 7.45659 1.09684 9.90478 7.67266 4.05652 0.944243 1.65166 4.87533 2.79916 8.22779 0.121158 2.44423 4.31867 1.18717 1.79769e+308 2.33833 7.93878 9.07102 8.8818 3.80505 9.03073 9.18394 8.7875 2.12653 3.6433 5.5388 2.36518 3.79559 0.42909 2.78939 8.82443 6.68111 4.3025 5.63066 0.763878 7.92932 3.98572 2.41279 4.58266 8.99472 8.16614 2.91757 8.40327 8.11213 9.33226 3.10343 9.08017 5.52232 9.34416 4.63942 4.85366 1.76458 5.80889 2.03497 5.20798 4.34706 3.31523 5.18021 4.50179 3.10984 8.59737 0.108341 0.927763 9.59258 3.68419 5.79546 7.37022 0.713828 6.10279 9.80346 5.71581 
5.37461 4.42579 6.65181 5.09445 8.69289 3.43577 6.77114 7.43675 2.12348 3.46477 5.36821 9.2996 8.63277 9.78118 5.90838 4.87411 3.32896 7.44469 2.725 4.83993 6.06922 9.10367 2.4955 6.05609 6.7745 6.1153 5.61022 4.1319 0.0735496 2.79244 9.0878 0.751671 0.800195 7.86401 7.29667 7.21671 1.17771 7.16025 5.72283 0.922575 4.19477 7.09189 6.39485 2.33833 1.79769e+308 2.08777 0.190435 0.588397 1.18748 1.27262 8.58791 9.27885 8.25861 6.28162 7.96503 8.73745 4.70962 9.65331 8.05353 2.725 5.3975 3.40617 8.03766 2.97098 2.28797 5.18113 9.37346 6.96677 2.32551 0.89053 9.09635 4.29579 9.69298 4.18104 2.67708 4.31135 4.0318 8.02667 0.4944 2.9722 1.18107 8.764 6.98141 1.6538 7.99677 7.88049 6.50868 5.74236 7.81762 1.86804 5.0734 5.8269 8.13715 5.45854 1.84576 9.30418 7.0455 8.54701 9.64507 5.20157 
2.93069 9.30357 2.07587 5.52507 0.0686666 1.38676 9.49065 4.04309 7.09037 8.09473 3.01309 3.15531 1.82714 3.66985 8.59279 7.00156 6.37684 0.468459 5.07004 6.06555 5.77013 9.09177 8.73775 1.62053 6.00543 6.03198 0.715964 4.02814 1.60619 9.4525 2.19092 9.28587 8.11304 0.823389 8.73653 9.41099 7.00949 0.375988 7.99036 6.52516 9.58647 7.68639 4.87136 7.93878 2.08777 1.79769e+308 0.0021363 2.12134 8.40205 0.0399792 3.50627 3.50841 0.673544 7.54082 7.21915 6.24714 3.26945 9.99359 1.11026 4.90432 4.05591 4.09894 9.18638 0.144963 7.99554 9.09391 6.35762 4.36842 1.49052 9.97559 0.021363 3.22184 9.08872 3.63475 2.90689 3.30729 1.61168 0.714438 8.75546 1.39256 9.77813 0.999481 7.39647 5.43748 2.37007 5.15793 0.777306 2.74789 3.02011 0.638447 6.5154 5.57512 4.66781 4.54573 0.530412 9.46562 5.75793 1.2946 5.32273 4.67666 
6.06464 6.37867 0.0567644 8.84701 7.91467 3.24625 5.91144 7.42943 1.0123 3.50932 2.25349 7.69921 2.92398 3.04849 8.45668 0.847804 6.33869 0.929594 8.72219 1.60497 3.60851 8.4695 1.44719 4.35072 0.702231 3.24503 2.6484 0.180059 0.0689718 6.2096 8.29127 1.70324 6.21906 8.73623 1.86895 8.85342 1.48259 5.71368 4.42366 6.08356 2.47322 0.739158 4.44349 9.07102 0.190435 0.0021363 1.79769e+308 7.2393 7.86859 5.45732 5.97552 4.4264 4.48164 6.81814 1.12461 2.78573 3.46873 1.1948 3.37474 1.7127 4.2082 2.76254 8.27082 5.35722 6.89199 8.02026 0.0897244 4.56343 2.95694 5.74786 8.22077 8.98526 4.98886 8.54549 8.79269 3.44066 3.91003 2.51747 1.87658 7.56554 6.26667 6.66372 9.56206 2.83212 9.42503 8.53786 5.22477 5.992 7.49016 7.74285 9.30052 3.0079 5.76189 3.81573 1.87414 2.53761 6.53462 0.0726341 7.39708 3.02835 
4.17493 4.90646 1.84301 1.65685 5.2089 3.57372 5.73992 1.1832 5.11643 9.30784 1.42033 2.42836 4.26618 2.39662 0.36256 9.73113 3.89904 0.981475 9.04019 9.11191 0.864589 5.50707 1.68035 1.57384 1.62542 5.82781 3.35673 6.05304 7.01651 6.50502 8.85403 1.65654 6.37165 9.81445 8.29402 9.38047 8.5989 8.10114 7.93176 2.15522 8.65291 7.33818 3.82214 8.8818 0.588397 2.12134 7.2393 1.79769e+308 4.06079 9.97253 1.84668 2.48909 1.48564 7.56005 7.64092 5.00137 7.56676 8.56044 6.6158 3.02866 5.99231 3.67199 6.386 9.59197 5.10758 0.636311 0.394299 9.36735 0.867031 6.63411 6.96554 2.77688 0.819117 7.58049 7.67602 2.12653 1.93945 5.87359 0.354625 3.85693 0.123905 3.16568 7.02261 5.97339 4.15571 9.71526 2.08686 4.71023 1.95502 6.88101 1.10294 9.50072 1.9306 4.32722 5.4149 0.303049 7.23533 8.49757 2.9841 6.36158 
7.55699 0.42787 8.82382 0.0509659 5.57024 0.746483 5.49883 2.59377 3.17698 0.917386 8.0166 8.07642 1.31779 5.03922 9.40519 3.49071 9.59655 1.41697 9.2584 3.89782 6.99118 4.28694 2.88308 7.60552 2.2663 5.07584 1.94586 4.89639 9.61211 6.58834 0.296945 1.38493 3.68786 1.55919 2.01392 5.45091 1.32237 0.674154 6.44002 3.1727 4.51247 4.46394 7.09983 3.80505 1.18748 8.40205 7.86859 4.06079 1.79769e+308 5.7506 3.91644 0.727256 0.446181 3.60179 3.89233 8.66726 7.65221 5.02335 2.17231 1.21189 2.80374 6.38356 2.11798 5.87939 5.54338 7.18101 4.96445 4.76974 7.14988 5.82781 3.72173 9.1113 8.16492 3.02957 4.28571 2.17811 0.877102 0.576189 0.316477 0.906095 5.73687 8.35383 3.4492 1.5067 5.75488 7.39311 5.40117 9.40062 7.95434 1.76519 3.53282 8.77987 5.93585 7.13858 6.43117 2.11066 2.61757 8.80612 1.07395 4.89151 
